4294967294,473
510,32
510,0
510,31
510,30
510,29
510,28
510,27
510,26
510,25
510,24
510,23
510,22
510,21
510,20
510,19
510,18
510,17
510,16
510,15
510,14
4294967279,286
510,13
4294967278,255
510,12
510,11
510,10
510,9
510,8
4294967278,130
4294967278,128
4294967278,126
4294967278,123
4294967278,122
4294967278,121
4294967278,120
4294967278,118
4294967278,113
4294967278,108
4294967278,106
4294967278,101
4294967278,100
4294967278,99
4294967278,98
4294967278,96
4294967278,260
4294967278,66
4294967278,63
4294967278,61
4294967278,57
4294967278,52
4294967278,51
4294967278,50
4294967278,46
4294967278,44
4294967278,40
4294967278,39
4294967279,14
4294967279,10
4294967279,5
510,7
510,6
510,5
4294967279,268
4294967279,267
4294967278,286
4294967278,281
4294967278,403
4294967278,319
522,4
522,3
522,2
522,1
4294967279,298
4294967278,234
4294967279,297
521,5
521,4
521,3
521,2
521,1
520,4
520,3
520,2
520,1
519,5
519,4
519,3
519,2
519,1
518,4
518,3
518,2
518,1
517,5
517,4
517,3
517,2
517,1
4294967279,294
516,5
516,4
516,3
516,2
516,1
515,5
515,4
515,3
515,2
515,1
514,5
514,4
514,3
514,2
514,1
513,5
513,4
513,3
513,2
513,1
512,7
512,6
512,5
512,4
512,3
512,2
512,1
511,4
511,3
511,2
511,1
4294967294,922
510,4
510,3
510,2
510,1
4294967294,405
509,5
4294967294,965
509,4
509,3
509,2
509,1
4294967294,953
4294967278,0
4294967279,291
506,4
506,3
506,2
506,1
4294967279,256
4294967278,259
4294967278,258
4294967279,317
4294967279,319
4294967279,290
4294967278,318
4294967278,254
4294967278,250
4294967278,244
4294967278,238
4294967279,237
4294967278,236
4294967278,217
4294967279,289
4294967294,416
4294967279,174
498,5
498,4
498,3
498,2
498,1
495,4
495,3
495,2
495,1
4294967294,5
494,5
494,4
494,3
494,2
494,1
4294967294,385
4294967294,403
4294967294,464
4294967294,108
4294967294,463
492,6
492,5
492,4
492,3
492,2
492,1
4294967278,337
491,5
491,4
491,3
491,2
491,1
490,5
490,4
490,3
490,2
490,1
489,5
489,4
489,3
489,2
489,1
4294967294,428
4294967294,911
4294967294,162
4294967294,902
4294967294,180
4294967294,189
4294967278,402
4294967279,570
4294967278,331
4294967279,281
476,32
476,0
476,31
476,30
476,29
476,28
476,27
476,26
476,25
476,24
476,23
476,22
476,21
4294967278,400
4294967279,292
476,20
476,19
476,18
476,17
476,16
476,15
476,14
476,13
4294967278,232
476,12
476,11
476,10
4294967279,169
476,9
4294967279,164
4294967278,159
4294967279,159
4294967278,157
4294967278,154
4294967279,154
4294967278,153
476,8
4294967278,138
4294967279,137
4294967279,285
4294967278,272
476,7
4294967279,266
476,6
476,5
488,4
488,3
488,2
488,1
4294967279,280
487,5
487,4
487,3
487,2
487,1
486,4
486,3
486,2
486,1
485,5
485,4
485,3
485,2
485,1
484,4
484,3
484,2
484,1
483,5
483,4
483,3
483,2
483,1
482,5
482,4
482,3
482,2
482,1
4294967294,971
481,5
481,4
481,3
481,2
481,1
4294967278,324
480,5
480,4
480,3
480,2
480,1
479,5
479,4
479,3
479,2
479,1
478,7
4294967278,151
478,6
478,5
478,4
478,3
478,2
478,1
4294967294,89
477,4
477,3
477,2
477,1
476,4
476,3
476,2
476,1
4294967278,330
4294967279,139
4294967279,273
475,5
475,4
475,3
475,2
475,1
4294967278,133
4294967279,265
4294967278,267
4294967279,282
4294967279,259
4294967278,262
4294967278,323
4294967278,317
4294967279,316
4294967279,228
4294967278,220
4294967278,213
4294967278,326
4294967278,321
4294967278,385
4294967279,514
4294967279,275
4294967294,420
4294967294,411
4294967294,173
4294967294,916
461,4
461,3
461,2
461,1
4294967278,399
4294967278,152
460,5
460,4
460,3
460,2
460,1
4294967279,272
458,6
458,5
458,4
458,3
458,2
458,1
457,5
457,4
457,3
457,2
457,1
456,5
456,4
456,3
456,2
456,1
4294967279,271
455,5
455,4
455,3
455,2
455,1
4294967279,247
4294967278,315
4294967294,439
4294967294,178
4294967279,205
4294967279,199
454,4
454,3
454,2
454,1
453,5
453,4
453,3
453,2
453,1
452,4
452,3
452,2
452,1
451,5
451,4
451,3
451,2
451,1
4294967279,157
450,4
4294967278,132
4294967278,131
4294967278,129
4294967278,124
4294967278,87
4294967278,398
4294967279,555
4294967279,4
450,3
450,2
450,1
4294967279,572
449,5
449,4
449,3
449,2
449,1
4294967278,312
448,5
448,4
448,3
448,2
448,1
4294967278,310
447,5
447,4
447,3
447,2
447,1
446,5
446,4
446,3
446,2
446,1
445,5
445,4
445,3
445,2
445,1
444,7
444,6
444,5
444,4
444,3
444,2
444,1
443,4
443,3
443,2
443,1
442,4
442,3
442,2
442,1
441,5
441,4
441,3
441,2
441,1
4294967279,565
4294967278,306
4294967279,563
4294967279,232
4294967278,227
4294967279,208
4294967278,204
4294967278,206
4294967279,206
4294967279,332
4294967279,189
4294967279,188
4294967278,181
4294967279,558
4294967279,180
4294967278,397
433,5
433,4
4294967279,173
433,3
433,2
433,1
4294967279,168
4294967279,167
4294967279,163
4294967278,305
4294967279,153
4294967279,149
4294967279,148
430,5
430,4
430,3
430,2
430,1
4294967279,553
4294967278,304
427,4
427,3
427,2
427,1
4294967278,356
426,5
426,4
426,3
426,2
426,1
4294967279,559
4294967294,974
4294967278,372
424,6
424,5
424,4
424,3
424,2
424,1
423,5
423,4
423,3
423,2
423,1
4294967278,303
422,5
422,4
422,3
422,2
422,1
421,5
421,4
421,3
421,2
421,1
4294967278,395
4294967278,302
4294967279,551
4294967278,369
4294967278,382
4294967279,304
4294967279,569
4294967294,1414
4294967294,905
420,4
420,3
420,2
420,1
4294967279,550
4294967279,147
419,5
419,4
419,3
419,2
419,1
4294967278,215
4294967279,556
4294967279,537
418,4
418,3
418,2
418,1
4294967279,330
417,5
417,4
417,3
417,2
417,1
4294967278,300
416,4
4294967278,396
416,3
416,2
416,1
415,5
415,4
415,3
415,2
415,1
414,5
414,4
414,3
414,2
414,1
413,5
413,4
413,3
413,2
413,1
4294967279,544
412,5
412,4
412,3
412,2
412,1
4294967279,248
411,5
411,4
411,3
411,2
411,1
410,7
410,6
410,5
410,4
410,3
410,2
410,1
4294967279,230
409,4
409,3
409,2
409,1
408,4
408,3
408,2
408,1
4294967278,214
4294967279,329
407,5
4294967278,210
407,4
4294967278,209
407,3
407,2
407,1
4294967278,208
4294967279,209
4294967278,205
4294967279,203
4294967279,539
4294967279,0
4294967278,176
4294967279,166
4294967278,162
4294967279,158
4294967294,913
399,5
399,4
399,3
399,2
399,1
4294967279,142
4294967279,270
396,5
396,4
396,3
396,2
396,1
4294967279,540
393,4
393,3
393,2
393,1
392,5
392,4
392,3
392,2
392,1
4294967278,224
390,6
390,5
390,4
390,3
390,2
390,1
4294967278,370
389,5
389,4
389,3
389,2
389,1
4294967279,554
388,5
4294967294,107
4294967278,198
388,4
4294967278,197
388,3
388,2
388,1
4294967279,198
4294967294,915
4294967294,118
4294967279,305
4294967278,307
387,5
4294967278,192
387,4
387,3
387,2
387,1
4294967279,568
0,7
4294967294,27
4294967279,566
4294967279,567
4294967279,303
4294967279,533
4294967278,378
4294967278,377
4294967294,424
4294967294,2
4294967278,376
4294967279,564
4294967294,470
4294967278,374
4294967294,36
4294967294,39
4294967294,394
4294967294,24
4294967278,288
4294967279,328
4294967294,1
4294967294,472
4294967294,25
4294967278,158
4294967294,46
4294967279,156
4294967279,327
4294967294,904
4294967294,45
4294967294,0
4294967294,81
4294967294,50
4294967294,90
4294967294,86
4294967294,418
4294967294,951
4294967294,29
4294967294,923
4294967294,28
4294967294,1416
4294967294,96
4294967294,94
4294967294,9
4294967294,8
4294967278,284
4294967294,93
4294967294,95
4294967278,147
0,5
4294967294,7
4294967294,22
4294967294,17
4294967294,67
4294967294,99
4294967294,76
4294967294,41
4294967294,1417
4294967294,51
4294967294,52
4294967294,26
4294967294,82
4294967294,1415
4294967294,83
4294967294,6
4294967293,131
4294967293,130
4294967293,129
4294967293,128
4294967293,127
4294967293,126
4294967293,125
4294967293,124
4294967293,123
4294967293,122
4294967293,121
4294967293,120
4294967293,119
4294967293,118
4294967293,117
4294967293,116
4294967293,115
4294967293,114
4294967293,113
4294967293,112
4294967293,111
4294967293,110
4294967293,109
4294967293,108
4294967293,107
4294967293,106
4294967293,105
4294967293,104
4294967293,103
4294967293,102
4294967293,101
4294967293,100
4294967293,99
4294967293,98
4294967293,97
4294967293,96
4294967293,95
4294967293,94
4294967293,93
4294967293,92
4294967293,91
4294967293,90
4294967293,89
4294967293,87
4294967293,86
4294967293,85
4294967293,84
4294967293,83
4294967293,82
4294967293,81
4294967293,80
4294967293,79
4294967293,78
4294967293,77
4294967293,76
4294967293,75
4294967293,74
4294967293,73
4294967293,72
4294967293,71
4294967293,70
4294967293,69
4294967293,68
4294967293,67
4294967293,66
4294967293,65
4294967293,64
4294967293,63
4294967293,62
4294967293,61
4294967293,60
4294967293,59
4294967293,58
4294967293,57
4294967293,56
4294967293,55
4294967293,54
4294967293,53
4294967293,52
4294967293,51
4294967293,50
4294967293,49
4294967293,48
4294967293,47
4294967293,46
4294967293,45
4294967293,44
4294967293,43
4294967293,42
4294967293,41
4294967293,40
4294967293,39
4294967293,38
4294967293,37
4294967293,36
4294967293,35
4294967293,34
4294967293,33
4294967293,32
4294967293,31
4294967293,30
4294967293,29
4294967293,28
4294967293,27
4294967293,26
4294967293,25
4294967293,24
4294967293,23
4294967293,22
4294967293,21
4294967293,20
4294967293,19
4294967293,18
4294967293,17
4294967293,16
4294967293,15
4294967293,14
4294967293,13
4294967293,12
